catid	subcatid	brand	date	lineid	colorid	description name    email   phone
W(+|+)
1	1	1	1	1	1	1	1   1   1   catid
1	1	1	1	1	1	1	1   1   1   subcatid
1	4	1	1	1	1	1	1   1   1   brand
1	1	1	1	1	1	1	1   1   1   date
1	1	1	1	1	1	1	1   1   1   lineid
1	1	1	1	1	1	1	1   1   1   colorid
1	1	1	1	1	1	1	1   1   1   description
1	1	1	1	1	1	1	10   5   20   name
1	1	1	1	1	1	1	5   10   20   email
1	1	1	1	1	1	1	20   20   50   phone
W(+|-)
1	1	1	1	1	1	1	1   1   1   catid
1	1	1	1	1	1	1	1   1   1   subcatid
1	1	1	1	1	1	1	1   1   1   brand
1	1	1	1	1	1	1	1   1   1   date
1	1	1	1	0.1	1	1	1   1   1   lineid
1	1	1	1	1	1	1	1   1   1   colorid
1	1	1	1	1	1	1	1   1   1   description
0.001	0.001	0.001	0.001	0.001	0.001	0.001	0.001   0.001   0.001   name
0.001	0.001	0.001	0.001	0.001	0.001	0.001	0.001   0.001   0.001   email
0.001	0.001	0.001	0.001	0.001	0.001	0.001	0.001   0.001   0.001   phone
W(-|+)
1	1	1	1	1	1	1	1   1   1   catid
1	1	1	1	1	1	1	1   1   1   subcatid
1	1	1	1	1	1	1	1   1   1   brand
1	1	1	1	1	1	1	1   1   1   date
1	1	1	1	0.1	1	1	1   1   1   lineid
1	1	1	1	1	1	1	1   1   1   colorid
1	1	1	1	1	1	1	1   1   1   description
0.001	0.001	0.001	0.001	0.001	0.001	0.001	0.001   0.001   0.001   name
0.001	0.001	0.001	0.001	0.001	0.001	0.001	0.001   0.001   0.001   email
0.001	0.001	0.001	0.001	0.001	0.001	0.001	0.001   0.001   0.001   phone
W(-|-)
1	1	1	1	1	1	1	1   1   1   catid
1	1	1	1	1	1	1	1   1   1   subcatid
1	1	1	1	1	1	1	1   1   1   brand
1	1	1	-5	1	1	1	1   1   1   date
1	1	1	1	0.1	1	1	1   1   1   lineid
1	1	1	1	1	1	1	1   1   1   colorid
1	1	1	1	1	1	1	1   1   1   description
1	1	1	1	1	1	1	0.001   0.001   0.001   name
1	1	1	1	1	1	1	0.001   0.001   0.001   email
1	1	1	1	1	1	1	0.001   0.001   0.001   phone